1.8439883877965488 530845.2145637993
0.00000000000025038057523021804 0.0000000000000000000000000921419569642852
0.000000000000000000000006947580790971983 0.00000000000000000004113157638458251
369487026013570400000000000 0.000000000000000000000000000000000000024545386372999767
4885652426105336000000000 0.0000000017514529939030723
82110716680973080000000000000000000000 0.05638073928972769
9159971755911776000000000000000000000 0.0000000000000002512782667980459
0.00000000000000000008779089578915748 346838758887551360
150914814803846400000000000000000000 112907533437640770000000000000000000000
0.000000000000000000000008435155412404276 0.0017750520061135169
0.00000000000000000000000006551240941691946 9143065064110763000000000000000000000
7 3
9142284.10609031 181889869577119810000000000000000
7720421066573039000000000000000000000 0.00000000009015263958690857
996977949203686200000000000 6246900958693031000000000000000
0.0000000000000007129979240558836 0.0000000000000000000000000000000009353899949755384
0.000000000000000008808558421991492 713290568640383250000
8127474544065338 0.00000000000000000000000025433390891376573
0.000000396282134133814 0.0000000000000000007082511368719814
4784014028320.729 1564545076522.3798
0.0007900652918594496 95514982850069910000
54959986264357860000000000000000000000 0.00000000000000000000000000000000000029525325872169432
0.000000000000000000009668834562507316 6775719490168483000000
472240186283448350000000 3681039513646910000000000000000
0.0000000000000000000000000000000008077489030324246 0.00000887141652503443
96307133780446.09 28.000778389494325
20274142797802375000000000000 0.00000000024078737459309263
0.0000000000000000006184502251140904 0.00000000000005719328141640775
917.9799889062187 2098514.944694568
0.0006961196864249343 443131601779714050000000000000000000000
7154216946146604000000000000 48968960758457690000000000000
882160819791763400000000000000000000 0.00000000000000000000000000000000007889215747873106
56059600716978990000 0.00051319114857932835
59002267177352850000000000000000000 0.00001519127886888404
0.00000000000000000000000000000000004811273903828117 0.00000000000000008830986426112394
6059850869158961000000000000000000000 935158543.7089406
3.10901677011136 97612835495375610000000000000000
68226450453880740000000000 5984485606130216000000000000000000
0.0000000000000000000000000000000009805064757386459 0.0000000005993007521283383
748193962828802300000000000000000000000 786.77582925427645
0.000000000000020959139761489003 316542.51852536817
0.000000000008831941072231263 0.00000000000000000000000006671829236137168
9476598461989115 182607170928265640000000000000000000
8517145800577334 2048760539137805600000
0.0000000000000000000007795539705527936 130356321083872720000000000000000000
0.000000000001303264461927092 0.000058036368877779205
0.0000000000000000000000000000000001134978253931707 664380539439380300
2 -2
0.00000000009100387138151225 924822984170355300
43638.16042489221 28248069985885990
0.000000000000000000000000005908480181889589 4091170194983491000000000000000
0.0000000000000000000000000000000822451603640012 4365.396735217937
5681.150810881389 0.0000004090881303292619
7020568183271456000000000000000000 0.00000000000000002935225534111828
333782649515098800000000000000 674941.68201734315
0.009117426960347586 6.328060956601027
564088549032591050000000000000000 259717262598383320000000000000000
1231883262763.4917 13779440130796246
0.0000000000000000009437034231000515 0.00000000000074640739554980815
0.00000000000000000000896468472323575 10053937458212825000000000000000000000
60704280756943820 0.00000000000000037980304583820272
0.00051764616959933125 0.00000000000000000000000000000000000008035121533734731
0.0004717313460124261 0.000000000000000001971122239527154
9695245673058.816 0.0000000000000007726762151488078
2341761769989562000000000000000 0.0000015229688410138946
0.000002112963126339741 0.000000000000000000000000000009471741020328878
0.000000000000000000000000000000008501864778833852 0.000000000014147520720009141
698589370185228000000000000000 0.000000000004008106750261476
3885710.9029090653 0.00000000000000000000000000997584480268883
476368051592888400000000000 17897975516679180000000000000000000000
0.0000000000000000000000000000007515979887017951 66314678613264000000000000000000000
-3 3
0.7004080742612943 5121026145848212000000000000
0.0000000000000000000000000009703391286233455 0.00000000000000000000000000000000005309984703422195
8063492653276116000 0.000000000000000000002978093695004218
7170619265.592753 447889967799911500000
0.030224738410924914 0.000000000000000000000000000000000021476151642481622
0.0007616403391969381 75604113942833010000000000000000000
0.000000000000000000004171144934195231 0.000000004058657589625588
3697230050919800600000000000 306380713.2183588
0.000000000000000000000000009299490263463888 810.8532773429275
0.00000000005538272032715458 0.000000000009920044042334379
0.0000000000000000000000016956139022032413 61214033533721150000000
3215531944407344.2 0.00000000000000000000000000003816859746540393
0.0005351426195830716 0.00000000000000000000000000000000005186785543952317
658345762582369250000000000000000000000 0.0000000000000007185624022589583
1764939485511482600000000000 0.0000000000000000009046847538512113
1139087616320386200000000 0.00000000000000004970763766458374
0.00031423777887575333 40129577822154980000000000000
0.000000000000000000000915708777705793 7349931180965513500000000000000
0.04654463830968092 0.00000004785051928606594
0.0000000000096643904415713 432769273016621
6538094253704658000 0.0000000000000000000000000000000000002032180903117901
0.0000000000000000000000000000000000680261422699437 0.00000000000000000000008199739808367383
0.000000000000000000023216355916243128 5550205682591839
0.000000000000017634250770973978 0.000000000000000000000000000005027685013847731
0.000000000000000000000007490599541088687 0.00000000000000000019437516573041755
2203301028464523000000000000 17216.277994580567
0.00000004273019506886193 0.000000000005865446077823328
75755305717918800000000000000 0.8516047909714676
